camera_matrix:
- - 593.4862356827523
  - 0.0
  - 332.89342587355264
- - 0.0
  - 590.9628220020597
  - 240.0691626609211
- - 0.0
  - 0.0
  - 1.0
dist_coeff:
- - 0.18303428086148754
  - -0.42209929372789545
  - -0.0011249852046910725
  - 0.01112809785741226
  - 0.055186208866046735
